"x"	"y"	"pointID"	"ancID"	"anc.x"	"anc.y"	"lake"
-849364.234090498	2086631.08951351	1	1	-849411.713628103	2086544.30007001	"BRK"
-849394.868075294	2086702.76258466	2	1	-849411.713628103	2086544.30007001	"BRK"
-849444.999228901	2086515.45478809	3	1	-849411.713628103	2086544.30007001	"BRK"
-849483.166459123	2086549.95302186	4	1	-849411.713628103	2086544.30007001	"BRK"
-849428.632248335	2086542.22728454	5	1	-849411.713628103	2086544.30007001	"BRK"
-849408.05962736	2086583.4942924	6	1	-849411.713628103	2086544.30007001	"BRK"
-849423.155030451	2086545.31799541	7	1	-849411.713628103	2086544.30007001	"BRK"
-849431.427602914	2086640.04186274	8	1	-849411.713628103	2086544.30007001	"BRK"
-849536.380300216	2086527.99821361	9	1	-849411.713628103	2086544.30007001	"BRK"
-849488.801114224	2086518.92142107	10	1	-849411.713628103	2086544.30007001	"BRK"
-849423.454710223	2086529.10245898	11	1	-849411.713628103	2086544.30007001	"BRK"
-849426.779876167	2086680.71790584	12	1	-849411.713628103	2086544.30007001	"BRK"
-849427.9040452	2086553.28279048	13	1	-849411.713628103	2086544.30007001	"BRK"
-849414.600422506	2086572.09512018	14	1	-849411.713628103	2086544.30007001	"BRK"
-849425.19775704	2086549.52440072	15	1	-849411.713628103	2086544.30007001	"BRK"
-849439.760360277	2086511.2932766	16	1	-849411.713628103	2086544.30007001	"BRK"
-849407.813307395	2086679.32480163	17	1	-849411.713628103	2086544.30007001	"BRK"
-849503.869082909	2086513.52121622	18	1	-849411.713628103	2086544.30007001	"BRK"
-849353.772275195	2086682.06733773	19	1	-849411.713628103	2086544.30007001	"BRK"
-849450.295332513	2086583.3514447	20	1	-849411.713628103	2086544.30007001	"BRK"
-849550.304225893	2086650.88638587	21	1	-849411.713628103	2086544.30007001	"BRK"
-849429.914486755	2086564.16753282	22	1	-849411.713628103	2086544.30007001	"BRK"
-849444.12544744	2086518.36330805	23	1	-849411.713628103	2086544.30007001	"BRK"
-849437.130135535	2086509.75238325	24	1	-849411.713628103	2086544.30007001	"BRK"
-849459.934965441	2086574.80823915	25	1	-849411.713628103	2086544.30007001	"BRK"
-849469.326173054	2086515.38464957	26	1	-849411.713628103	2086544.30007001	"BRK"
-848984.743888413	2086478.87364335	1	2	-848961.871119622	2086450.25385877	"BRK"
-848900.788807451	2086539.54306306	2	2	-848961.871119622	2086450.25385877	"BRK"
-848858.489337616	2086418.96350079	3	2	-848961.871119622	2086450.25385877	"BRK"
-848970.296164923	2086448.92108135	4	2	-848961.871119622	2086450.25385877	"BRK"
-848919.827945714	2086594.37832727	5	2	-848961.871119622	2086450.25385877	"BRK"
-848984.297692491	2086602.01835751	6	2	-848961.871119622	2086450.25385877	"BRK"
-848982.038020834	2086492.72134055	7	2	-848961.871119622	2086450.25385877	"BRK"
-848975.645558347	2086451.05997773	8	2	-848961.871119622	2086450.25385877	"BRK"
-848738.840965073	2086376.30181198	9	2	-848961.871119622	2086450.25385877	"BRK"
-848972.303187904	2086473.30633406	10	2	-848961.871119622	2086450.25385877	"BRK"
-848829.762562629	2086442.49094594	11	2	-848961.871119622	2086450.25385877	"BRK"
-848904.705393907	2086474.44838647	12	2	-848961.871119622	2086450.25385877	"BRK"
-848951.819525277	2086458.21507324	13	2	-848961.871119622	2086450.25385877	"BRK"
-848980.955871914	2086473.89145807	14	2	-848961.871119622	2086450.25385877	"BRK"
-849151.294616498	2086644.900357	15	2	-848961.871119622	2086450.25385877	"BRK"
-848956.322587656	2086587.29000492	16	2	-848961.871119622	2086450.25385877	"BRK"
-848811.538629097	2086454.62653516	17	2	-848961.871119622	2086450.25385877	"BRK"
-849024.272581725	2086464.42672356	18	2	-848961.871119622	2086450.25385877	"BRK"
-848943.536839333	2086488.70120054	19	2	-848961.871119622	2086450.25385877	"BRK"
-848971.746287112	2086481.20238013	20	2	-848961.871119622	2086450.25385877	"BRK"
-848878.882142331	2086415.88108841	21	2	-848961.871119622	2086450.25385877	"BRK"
-848985.282582389	2086468.61903859	22	2	-848961.871119622	2086450.25385877	"BRK"
-848972.693906259	2086484.52222376	23	2	-848961.871119622	2086450.25385877	"BRK"
-849002.353005964	2086263.29064331	24	2	-848961.871119622	2086450.25385877	"BRK"
-848969.967799812	2086471.38187967	25	2	-848961.871119622	2086450.25385877	"BRK"
-848822.068084061	2086440.3996475	26	2	-848961.871119622	2086450.25385877	"BRK"
-848928.786770146	2086485.96326677	27	2	-848961.871119622	2086450.25385877	"BRK"
-848981.571020817	2086446.80396851	28	2	-848961.871119622	2086450.25385877	"BRK"
-848937.408050058	2086461.91379524	29	2	-848961.871119622	2086450.25385877	"BRK"
-848920.926722049	2086279.47935356	30	2	-848961.871119622	2086450.25385877	"BRK"
-848976.384043674	2086491.45379063	31	2	-848961.871119622	2086450.25385877	"BRK"
-848844.924119842	2086458.5690931	32	2	-848961.871119622	2086450.25385877	"BRK"
-848963.002138087	2086487.3488863	33	2	-848961.871119622	2086450.25385877	"BRK"
-848860.781426494	2086323.65828442	34	2	-848961.871119622	2086450.25385877	"BRK"
-848723.870945519	2086419.28457349	35	2	-848961.871119622	2086450.25385877	"BRK"
-848878.77176523	2086421.9794866	36	2	-848961.871119622	2086450.25385877	"BRK"
-848934.369310018	2086457.32008424	37	2	-848961.871119622	2086450.25385877	"BRK"
-848856.467547858	2086254.47105277	38	2	-848961.871119622	2086450.25385877	"BRK"
-849024.361705483	2086632.18026575	39	2	-848961.871119622	2086450.25385877	"BRK"
-848955.948365829	2086569.48102551	40	2	-848961.871119622	2086450.25385877	"BRK"
-848949.669525452	2086477.78596403	41	2	-848961.871119622	2086450.25385877	"BRK"
-849681.820675252	2086351.00855404	1	3	-849490.757858685	2086376.44111618	"BRK"
-849500.35468085	2086559.42811482	2	3	-849490.757858685	2086376.44111618	"BRK"
-849721.106298963	2086345.89072378	3	3	-849490.757858685	2086376.44111618	"BRK"
-849579.29768826	2086383.85162031	4	3	-849490.757858685	2086376.44111618	"BRK"
-849528.205552113	2086188.42475861	5	3	-849490.757858685	2086376.44111618	"BRK"
-849480.651919276	2086570.07097003	6	3	-849490.757858685	2086376.44111618	"BRK"
-849485.406014906	2086343.60648293	7	3	-849490.757858685	2086376.44111618	"BRK"
-849517.005716391	2086400.53148167	8	3	-849490.757858685	2086376.44111618	"BRK"
-849563.318139111	2086370.90097402	9	3	-849490.757858685	2086376.44111618	"BRK"
-849567.579347998	2086410.61476038	10	3	-849490.757858685	2086376.44111618	"BRK"
-849501.593435383	2086390.04223249	11	3	-849490.757858685	2086376.44111618	"BRK"
-849480.007887652	2086492.73656248	12	3	-849490.757858685	2086376.44111618	"BRK"
-849631.138127167	2086358.16995618	13	3	-849490.757858685	2086376.44111618	"BRK"
-849519.282012061	2086351.53070801	14	3	-849490.757858685	2086376.44111618	"BRK"
-849476.334860073	2086353.24319606	15	3	-849490.757858685	2086376.44111618	"BRK"
-849649.397312808	2086183.49502568	16	3	-849490.757858685	2086376.44111618	"BRK"
-849504.267128902	2086352.33014617	17	3	-849490.757858685	2086376.44111618	"BRK"
-849516.273107724	2086384.92129197	18	3	-849490.757858685	2086376.44111618	"BRK"
-849716.973022759	2086229.94211505	19	3	-849490.757858685	2086376.44111618	"BRK"
-849464.346093505	2086258.7458977	20	3	-849490.757858685	2086376.44111618	"BRK"
-849505.507812019	2086357.54983256	21	3	-849490.757858685	2086376.44111618	"BRK"
-849574.217849963	2086361.98960942	22	3	-849490.757858685	2086376.44111618	"BRK"
-849489.964895779	2086336.51609069	23	3	-849490.757858685	2086376.44111618	"BRK"
-849507.584293371	2086407.44411299	24	3	-849490.757858685	2086376.44111618	"BRK"
-849517.238899864	2086401.95884962	25	3	-849490.757858685	2086376.44111618	"BRK"
-849515.635765603	2086346.47032575	26	3	-849490.757858685	2086376.44111618	"BRK"
-849728.71549568	2086232.29599069	27	3	-849490.757858685	2086376.44111618	"BRK"
-849559.29337927	2086327.18123507	28	3	-849490.757858685	2086376.44111618	"BRK"
-849468.940564062	2086528.10704885	29	3	-849490.757858685	2086376.44111618	"BRK"
-849632.341328592	2086404.95460268	30	3	-849490.757858685	2086376.44111618	"BRK"
-849516.39228253	2086379.2844749	31	3	-849490.757858685	2086376.44111618	"BRK"
-849453.643649925	2086299.09405046	32	3	-849490.757858685	2086376.44111618	"BRK"
-849490.62247857	2086357.25561925	33	3	-849490.757858685	2086376.44111618	"BRK"
-849486.283189074	2086361.86291435	34	3	-849490.757858685	2086376.44111618	"BRK"
-849520.078994315	2086458.83703566	35	3	-849490.757858685	2086376.44111618	"BRK"
-849504.119848644	2086202.14621806	36	3	-849490.757858685	2086376.44111618	"BRK"
-849635.373249295	2086388.90583923	37	3	-849490.757858685	2086376.44111618	"BRK"
-849079.195023268	2086298.30043924	1	4	-849079.171347788	2086326.81159969	"BRK"
-849090.08489207	2086323.06262595	2	4	-849079.171347788	2086326.81159969	"BRK"
-849097.427264328	2086308.61675674	3	4	-849079.171347788	2086326.81159969	"BRK"
-849035.956319015	2086503.7410465	4	4	-849079.171347788	2086326.81159969	"BRK"
-849101.635487806	2086220.29092033	5	4	-849079.171347788	2086326.81159969	"BRK"
-849090.969811793	2086299.8035036	6	4	-849079.171347788	2086326.81159969	"BRK"
-849094.833406987	2086301.95491012	7	4	-849079.171347788	2086326.81159969	"BRK"
-849105.608297627	2086315.31228117	8	4	-849079.171347788	2086326.81159969	"BRK"
-849103.046790813	2086320.21535639	9	4	-849079.171347788	2086326.81159969	"BRK"
-849092.230893485	2086323.8504993	10	4	-849079.171347788	2086326.81159969	"BRK"
-849028.907308826	2086166.51261415	11	4	-849079.171347788	2086326.81159969	"BRK"
-849083.052824706	2086223.8796196	12	4	-849079.171347788	2086326.81159969	"BRK"
-849134.601620538	2086337.49161888	13	4	-849079.171347788	2086326.81159969	"BRK"
-849063.275205317	2086287.66245718	14	4	-849079.171347788	2086326.81159969	"BRK"
-849219.420078138	2086178.86271688	15	4	-849079.171347788	2086326.81159969	"BRK"
-849071.073490414	2086171.93984358	16	4	-849079.171347788	2086326.81159969	"BRK"
-849077.033816785	2086255.81552315	17	4	-849079.171347788	2086326.81159969	"BRK"
-849109.322075674	2086304.92823011	18	4	-849079.171347788	2086326.81159969	"BRK"
-849159.46236436	2086329.47464305	19	4	-849079.171347788	2086326.81159969	"BRK"
-849085.784339952	2086311.73484369	20	4	-849079.171347788	2086326.81159969	"BRK"
-849105.531875271	2086292.65099634	21	4	-849079.171347788	2086326.81159969	"BRK"
-848982.621569413	2086240.97831616	22	4	-849079.171347788	2086326.81159969	"BRK"
-849005.291610074	2086216.27053293	23	4	-849079.171347788	2086326.81159969	"BRK"
-849092.138612726	2086306.16159353	24	4	-849079.171347788	2086326.81159969	"BRK"
-849099.243645546	2086252.80771385	25	4	-849079.171347788	2086326.81159969	"BRK"
-848827.41421797	2086291.83919417	26	4	-849079.171347788	2086326.81159969	"BRK"
-849076.062815078	2086314.17552497	27	4	-849079.171347788	2086326.81159969	"BRK"
-849154.991688683	2086327.68029949	28	4	-849079.171347788	2086326.81159969	"BRK"
-849151.494252251	2086300.02453805	29	4	-849079.171347788	2086326.81159969	"BRK"
-849096.858468171	2086333.06343115	30	4	-849079.171347788	2086326.81159969	"BRK"
-848952.971035808	2086167.86982285	31	4	-849079.171347788	2086326.81159969	"BRK"
-849016.030219821	2086475.64229033	32	4	-849079.171347788	2086326.81159969	"BRK"
-849098.151406812	2086273.05590333	33	4	-849079.171347788	2086326.81159969	"BRK"
-849160.039847298	2086333.72228617	34	4	-849079.171347788	2086326.81159969	"BRK"
-849117.318235347	2086295.40137826	35	4	-849079.171347788	2086326.81159969	"BRK"
-849062.720406824	2086289.49190082	36	4	-849079.171347788	2086326.81159969	"BRK"
-849231.854422417	2086147.31148791	37	4	-849079.171347788	2086326.81159969	"BRK"
-849101.855466992	2086234.89167925	38	4	-849079.171347788	2086326.81159969	"BRK"
-847473.185778039	2099571.39579446	1	1	-847460.644095713	2099598.81457591	"CRT"
-847464.768183971	2099581.22543284	2	1	-847460.644095713	2099598.81457591	"CRT"
-847424.63459022	2099588.69854298	3	1	-847460.644095713	2099598.81457591	"CRT"
-847434.012709773	2099595.09041989	4	1	-847460.644095713	2099598.81457591	"CRT"
-847445.552834226	2099574.51785098	5	1	-847460.644095713	2099598.81457591	"CRT"
-847472.096551728	2099742.81428258	6	1	-847460.644095713	2099598.81457591	"CRT"
-847445.00502414	2099498.71406353	7	1	-847460.644095713	2099598.81457591	"CRT"
-847441.878168539	2099602.07785515	8	1	-847460.644095713	2099598.81457591	"CRT"
-847452.504173278	2099597.60545387	9	1	-847460.644095713	2099598.81457591	"CRT"
-847437.727652085	2099645.86029578	10	1	-847460.644095713	2099598.81457591	"CRT"
-847446.605808947	2099599.36614133	11	1	-847460.644095713	2099598.81457591	"CRT"
-847376.89897174	2099568.7464586	12	1	-847460.644095713	2099598.81457591	"CRT"
-847463.339046571	2099574.51769386	13	1	-847460.644095713	2099598.81457591	"CRT"
-847365.883820152	2099495.6505399	14	1	-847460.644095713	2099598.81457591	"CRT"
-847430.808216194	2099556.83430919	15	1	-847460.644095713	2099598.81457591	"CRT"
-847427.026366544	2099611.91787679	16	1	-847460.644095713	2099598.81457591	"CRT"
-847467.162997723	2099574.93590478	17	1	-847460.644095713	2099598.81457591	"CRT"
-847457.672874056	2099593.94304417	18	1	-847460.644095713	2099598.81457591	"CRT"
-847398.442115845	2099626.25530661	19	1	-847460.644095713	2099598.81457591	"CRT"
-847416.662346041	2099736.86075583	20	1	-847460.644095713	2099598.81457591	"CRT"
-847432.620516783	2099590.83575166	21	1	-847460.644095713	2099598.81457591	"CRT"
-847461.852712814	2099571.07161867	22	1	-847460.644095713	2099598.81457591	"CRT"
-847423.963266904	2099697.52362061	23	1	-847460.644095713	2099598.81457591	"CRT"
-847420.330836268	2099468.86972675	24	1	-847460.644095713	2099598.81457591	"CRT"
-847463.085247787	2099491.88378706	25	1	-847460.644095713	2099598.81457591	"CRT"
-847421.406676819	2099569.76706532	26	1	-847460.644095713	2099598.81457591	"CRT"
-847463.085627398	2099585.75394106	27	1	-847460.644095713	2099598.81457591	"CRT"
-847423.609979438	2099704.39173813	28	1	-847460.644095713	2099598.81457591	"CRT"
-847448.813219959	2099504.53867746	29	1	-847460.644095713	2099598.81457591	"CRT"
-847423.492492022	2099610.15272954	30	1	-847460.644095713	2099598.81457591	"CRT"
-847425.458026666	2099585.72507348	31	1	-847460.644095713	2099598.81457591	"CRT"
-847444.112374545	2099606.37449846	32	1	-847460.644095713	2099598.81457591	"CRT"
-847476.69371154	2099525.84846484	33	1	-847460.644095713	2099598.81457591	"CRT"
-847411.277675022	2099616.78418725	34	1	-847460.644095713	2099598.81457591	"CRT"
-847455.169978609	2099569.23500102	35	1	-847460.644095713	2099598.81457591	"CRT"
-847452.766440679	2099571.60766231	36	1	-847460.644095713	2099598.81457591	"CRT"
-847438.553901274	2099447.64060553	37	1	-847460.644095713	2099598.81457591	"CRT"
-847458.060692312	2099468.38301897	38	1	-847460.644095713	2099598.81457591	"CRT"
-847443.081153367	2099578.22736149	39	1	-847460.644095713	2099598.81457591	"CRT"
-847335.533119724	2099619.78602457	40	1	-847460.644095713	2099598.81457591	"CRT"
-847428.801256166	2099590.7606028	41	1	-847460.644095713	2099598.81457591	"CRT"
-847455.155323425	2099544.46025112	42	1	-847460.644095713	2099598.81457591	"CRT"
-847456.87957159	2099599.53303263	43	1	-847460.644095713	2099598.81457591	"CRT"
-847651.783920128	2099676.57476742	1	2	-847638.709561452	2099694.93612426	"CRT"
-847649.356551144	2099774.76575215	2	2	-847638.709561452	2099694.93612426	"CRT"
-847680.403096351	2099707.11102194	3	2	-847638.709561452	2099694.93612426	"CRT"
-847637.879521598	2099751.04240346	4	2	-847638.709561452	2099694.93612426	"CRT"
-847665.894592153	2099666.56302364	5	2	-847638.709561452	2099694.93612426	"CRT"
-847647.157228536	2099715.17372347	6	2	-847638.709561452	2099694.93612426	"CRT"
-847692.787904751	2099656.52393082	7	2	-847638.709561452	2099694.93612426	"CRT"
-847627.001414973	2099749.88611912	8	2	-847638.709561452	2099694.93612426	"CRT"
-847634.19229778	2099787.65453626	9	2	-847638.709561452	2099694.93612426	"CRT"
-847669.420829963	2099678.25189386	10	2	-847638.709561452	2099694.93612426	"CRT"
-847653.886802729	2099708.96297742	11	2	-847638.709561452	2099694.93612426	"CRT"
-847638.274440136	2099713.10628345	12	2	-847638.709561452	2099694.93612426	"CRT"
-847639.672383179	2099707.25423438	13	2	-847638.709561452	2099694.93612426	"CRT"
-847708.933547072	2099552.20013719	14	2	-847638.709561452	2099694.93612426	"CRT"
-847627.451482055	2099742.17274125	15	2	-847638.709561452	2099694.93612426	"CRT"
-847644.190707185	2099743.46101447	16	2	-847638.709561452	2099694.93612426	"CRT"
-847683.991353798	2099664.81620363	17	2	-847638.709561452	2099694.93612426	"CRT"
-847705.440663974	2099682.1205834	18	2	-847638.709561452	2099694.93612426	"CRT"
-847634.609819989	2099710.56767581	19	2	-847638.709561452	2099694.93612426	"CRT"
-847667.361052799	2099709.00627361	20	2	-847638.709561452	2099694.93612426	"CRT"
-847654.066468093	2099704.63232352	21	2	-847638.709561452	2099694.93612426	"CRT"
-847615.113886281	2099841.47201676	22	2	-847638.709561452	2099694.93612426	"CRT"
-847734.512133203	2099682.14700784	23	2	-847638.709561452	2099694.93612426	"CRT"
-847648.945050905	2099691.54390559	24	2	-847638.709561452	2099694.93612426	"CRT"
-847637.555074526	2099718.22780304	25	2	-847638.709561452	2099694.93612426	"CRT"
-847713.789591194	2099757.02197256	26	2	-847638.709561452	2099694.93612426	"CRT"
-847648.266422365	2099792.72006982	27	2	-847638.709561452	2099694.93612426	"CRT"
-847629.686348053	2099829.05913292	28	2	-847638.709561452	2099694.93612426	"CRT"
-847726.581118534	2099687.07133442	29	2	-847638.709561452	2099694.93612426	"CRT"
-847653.086918879	2099717.1271542	30	2	-847638.709561452	2099694.93612426	"CRT"
-847649.562057898	2099707.90432433	31	2	-847638.709561452	2099694.93612426	"CRT"
-847766.562065767	2099625.53721773	32	2	-847638.709561452	2099694.93612426	"CRT"
-847678.975809196	2099611.42245126	33	2	-847638.709561452	2099694.93612426	"CRT"
-847654.6595372	2099706.82169202	34	2	-847638.709561452	2099694.93612426	"CRT"
-847648.332513579	2099791.61379134	35	2	-847638.709561452	2099694.93612426	"CRT"
-847717.529340287	2099703.01331979	36	2	-847638.709561452	2099694.93612426	"CRT"
-847643.722685274	2099708.31371348	37	2	-847638.709561452	2099694.93612426	"CRT"
-847648.073287795	2099672.85094787	38	2	-847638.709561452	2099694.93612426	"CRT"
-847686.508130601	2099814.44065791	39	2	-847638.709561452	2099694.93612426	"CRT"
-847682.738713569	2099784.36591101	40	2	-847638.709561452	2099694.93612426	"CRT"
-847635.779516333	2099739.03945038	41	2	-847638.709561452	2099694.93612426	"CRT"
-847676.431460616	2099711.88811483	42	2	-847638.709561452	2099694.93612426	"CRT"
-847688.355931624	2099696.11984655	43	2	-847638.709561452	2099694.93612426	"CRT"
-847643.614152403	2099690.61685026	44	2	-847638.709561452	2099694.93612426	"CRT"
-847649.385315898	2099707.59289037	45	2	-847638.709561452	2099694.93612426	"CRT"
-847645.318422174	2099567.23300406	46	2	-847638.709561452	2099694.93612426	"CRT"
-847766.47669667	2099682.30520211	47	2	-847638.709561452	2099694.93612426	"CRT"
-847646.07727279	2099697.60064588	48	2	-847638.709561452	2099694.93612426	"CRT"
-847481.809270485	2099412.91788778	1	3	-847596.009373992	2099554.49728735	"CRT"
-847606.877354199	2099532.82525077	2	3	-847596.009373992	2099554.49728735	"CRT"
-847691.273860872	2099500.57407304	3	3	-847596.009373992	2099554.49728735	"CRT"
-847595.651721065	2099454.28034311	4	3	-847596.009373992	2099554.49728735	"CRT"
-847665.138170989	2099546.30181924	5	3	-847596.009373992	2099554.49728735	"CRT"
-847560.803636633	2099538.08859132	6	3	-847596.009373992	2099554.49728735	"CRT"
-847593.291504963	2099543.87666873	7	3	-847596.009373992	2099554.49728735	"CRT"
-847695.142325626	2099530.16762977	8	3	-847596.009373992	2099554.49728735	"CRT"
-847566.752610082	2099449.17199431	9	3	-847596.009373992	2099554.49728735	"CRT"
-847591.123872712	2099548.40383101	10	3	-847596.009373992	2099554.49728735	"CRT"
-847593.773278844	2099549.50734369	11	3	-847596.009373992	2099554.49728735	"CRT"
-847463.195640364	2099571.54240389	12	3	-847596.009373992	2099554.49728735	"CRT"
-847590.997481858	2099430.0661026	13	3	-847596.009373992	2099554.49728735	"CRT"
-847589.129726288	2099547.5953969	14	3	-847596.009373992	2099554.49728735	"CRT"
-847598.962866767	2099554.67356921	15	3	-847596.009373992	2099554.49728735	"CRT"
-847668.232867467	2099559.91741104	16	3	-847596.009373992	2099554.49728735	"CRT"
-847595.43571438	2099547.69237391	17	3	-847596.009373992	2099554.49728735	"CRT"
-847611.850972799	2099429.15991183	18	3	-847596.009373992	2099554.49728735	"CRT"
-847589.946365618	2099543.19334785	19	3	-847596.009373992	2099554.49728735	"CRT"
-847579.893914275	2099468.31323764	20	3	-847596.009373992	2099554.49728735	"CRT"
-847653.372491658	2099580.82825395	21	3	-847596.009373992	2099554.49728735	"CRT"
-847609.309571515	2099552.02733665	22	3	-847596.009373992	2099554.49728735	"CRT"
-847601.228293014	2099548.27746509	23	3	-847596.009373992	2099554.49728735	"CRT"
-847588.502395611	2099525.68568077	24	3	-847596.009373992	2099554.49728735	"CRT"
-847621.760328284	2099404.41695273	25	3	-847596.009373992	2099554.49728735	"CRT"
-847593.125816971	2099483.02817724	26	3	-847596.009373992	2099554.49728735	"CRT"
-847725.948547369	2099529.58172048	27	3	-847596.009373992	2099554.49728735	"CRT"
-847618.289027791	2099457.51930255	28	3	-847596.009373992	2099554.49728735	"CRT"
-847603.912785536	2099418.22590876	29	3	-847596.009373992	2099554.49728735	"CRT"
-847742.805655336	2099568.95107273	30	3	-847596.009373992	2099554.49728735	"CRT"
-847605.947696863	2099524.43479273	31	3	-847596.009373992	2099554.49728735	"CRT"
-847583.850616109	2099420.51075622	32	3	-847596.009373992	2099554.49728735	"CRT"
-847476.647207277	2099566.13237051	33	3	-847596.009373992	2099554.49728735	"CRT"
-847643.618460825	2099562.25303712	34	3	-847596.009373992	2099554.49728735	"CRT"
-847497.027334207	2099741.80529009	1	4	-847501.238599654	2099742.79765863	"CRT"
-847493.290012421	2099752.81724704	2	4	-847501.238599654	2099742.79765863	"CRT"
-847537.562138948	2099844.04900767	3	4	-847501.238599654	2099742.79765863	"CRT"
-847499.684030584	2099762.63048809	4	4	-847501.238599654	2099742.79765863	"CRT"
-847511.853976095	2099764.3757041	5	4	-847501.238599654	2099742.79765863	"CRT"
-847584.311514974	2099827.06129304	6	4	-847501.238599654	2099742.79765863	"CRT"
-847525.222045649	2099896.44258806	7	4	-847501.238599654	2099742.79765863	"CRT"
-847562.974240046	2099767.73350751	8	4	-847501.238599654	2099742.79765863	"CRT"
-847512.526017568	2099758.29229303	9	4	-847501.238599654	2099742.79765863	"CRT"
-847643.371682111	2099678.69319486	10	4	-847501.238599654	2099742.79765863	"CRT"
-847386.663775005	2099715.49370756	11	4	-847501.238599654	2099742.79765863	"CRT"
-847459.615334896	2099709.85272069	12	4	-847501.238599654	2099742.79765863	"CRT"
-847471.591247415	2099861.73678882	13	4	-847501.238599654	2099742.79765863	"CRT"
-847505.55329675	2099832.61862374	14	4	-847501.238599654	2099742.79765863	"CRT"
-847552.862496327	2099771.97414366	15	4	-847501.238599654	2099742.79765863	"CRT"
-847505.125860426	2099758.18244961	16	4	-847501.238599654	2099742.79765863	"CRT"
-847493.990164654	2099773.40332558	17	4	-847501.238599654	2099742.79765863	"CRT"
-847474.088083187	2099818.42007375	18	4	-847501.238599654	2099742.79765863	"CRT"
-847508.291125018	2099768.92375146	19	4	-847501.238599654	2099742.79765863	"CRT"
-847452.69157795	2099730.7505138	20	4	-847501.238599654	2099742.79765863	"CRT"
-847464.160282298	2099715.8526478	21	4	-847501.238599654	2099742.79765863	"CRT"
-847488.277406937	2099747.00032004	22	4	-847501.238599654	2099742.79765863	"CRT"
-847611.94669177	2099773.13364254	23	4	-847501.238599654	2099742.79765863	"CRT"
-847484.783578903	2099744.63536611	24	4	-847501.238599654	2099742.79765863	"CRT"
-847394.714698056	2099852.49131158	25	4	-847501.238599654	2099742.79765863	"CRT"
-847457.23068709	2099740.50813485	26	4	-847501.238599654	2099742.79765863	"CRT"
-847487.515506123	2099765.43934831	27	4	-847501.238599654	2099742.79765863	"CRT"
-847459.859013876	2099774.26733605	28	4	-847501.238599654	2099742.79765863	"CRT"
-847504.086267851	2099769.25392856	29	4	-847501.238599654	2099742.79765863	"CRT"
-847505.930581274	2099763.34132939	30	4	-847501.238599654	2099742.79765863	"CRT"
-847508.06678378	2099750.40252742	31	4	-847501.238599654	2099742.79765863	"CRT"
-847382.169412818	2099801.01973041	32	4	-847501.238599654	2099742.79765863	"CRT"
-847469.957679936	2099890.29188166	33	4	-847501.238599654	2099742.79765863	"CRT"
-847502.930877611	2099791.6661591	34	4	-847501.238599654	2099742.79765863	"CRT"
-847371.172421947	2099755.18291111	35	4	-847501.238599654	2099742.79765863	"CRT"
-847485.558689086	2099741.71545962	36	4	-847501.238599654	2099742.79765863	"CRT"
-847490.850017614	2099765.93122606	37	4	-847501.238599654	2099742.79765863	"CRT"
-847489.74118087	2099748.14302864	38	4	-847501.238599654	2099742.79765863	"CRT"
-847384.15329952	2099887.40300238	39	4	-847501.238599654	2099742.79765863	"CRT"
-847477.448684742	2099764.44302497	40	4	-847501.238599654	2099742.79765863	"CRT"
-847476.911311973	2099743.33855486	41	4	-847501.238599654	2099742.79765863	"CRT"
-849468.660222067	2087398.06896593	1	1	-849527.372604958	2087280.80174039	"GLC"
-849412.020168864	2087294.3377958	2	1	-849527.372604958	2087280.80174039	"GLC"
-849542.064478021	2087302.05756674	3	1	-849527.372604958	2087280.80174039	"GLC"
-849519.144126327	2087310.71910384	4	1	-849527.372604958	2087280.80174039	"GLC"
-849368.065328826	2087363.35095438	5	1	-849527.372604958	2087280.80174039	"GLC"
-849362.651427396	2087279.83486733	6	1	-849527.372604958	2087280.80174039	"GLC"
-849601.393748565	2087306.84483787	7	1	-849527.372604958	2087280.80174039	"GLC"
-849513.014824162	2087299.60123876	8	1	-849527.372604958	2087280.80174039	"GLC"
-849545.356545603	2087301.9489878	9	1	-849527.372604958	2087280.80174039	"GLC"
-849415.428663702	2087238.54418621	10	1	-849527.372604958	2087280.80174039	"GLC"
-849568.174951992	2087424.55232959	11	1	-849527.372604958	2087280.80174039	"GLC"
-849317.510071238	2087272.65899001	12	1	-849527.372604958	2087280.80174039	"GLC"
-849514.124274018	2087284.44069659	13	1	-849527.372604958	2087280.80174039	"GLC"
-849508.129418248	2087303.14368043	14	1	-849527.372604958	2087280.80174039	"GLC"
-849507.14690433	2087292.87236194	15	1	-849527.372604958	2087280.80174039	"GLC"
-849726.439043524	2087310.26338129	16	1	-849527.372604958	2087280.80174039	"GLC"
-849676.247130546	2087332.35593224	17	1	-849527.372604958	2087280.80174039	"GLC"
-849454.654558398	2087254.95481222	18	1	-849527.372604958	2087280.80174039	"GLC"
-849516.053203407	2087412.80410684	19	1	-849527.372604958	2087280.80174039	"GLC"
-849360.998873229	2087252.77744044	20	1	-849527.372604958	2087280.80174039	"GLC"
-849568.413485755	2087305.94635697	21	1	-849527.372604958	2087280.80174039	"GLC"
-849533.425403459	2087303.62576866	22	1	-849527.372604958	2087280.80174039	"GLC"
-849347.63226341	2087405.73924832	23	1	-849527.372604958	2087280.80174039	"GLC"
-849716.751096089	2087297.30191545	24	1	-849527.372604958	2087280.80174039	"GLC"
-849586.35742096	2087278.34080143	25	1	-849527.372604958	2087280.80174039	"GLC"
-849509.303153949	2087303.31905008	26	1	-849527.372604958	2087280.80174039	"GLC"
-849530.633100273	2087292.83763894	27	1	-849527.372604958	2087280.80174039	"GLC"
-849551.585622944	2087319.89404212	28	1	-849527.372604958	2087280.80174039	"GLC"
-849651.041163088	2087249.74938027	29	1	-849527.372604958	2087280.80174039	"GLC"
-849549.872389932	2087281.11985563	30	1	-849527.372604958	2087280.80174039	"GLC"
-849526.744830057	2087304.08064289	31	1	-849527.372604958	2087280.80174039	"GLC"
-849384.720961805	2087124.04330041	32	1	-849527.372604958	2087280.80174039	"GLC"
-849519.924945732	2087444.28361175	33	1	-849527.372604958	2087280.80174039	"GLC"
-849689.906858344	2087266.04978016	34	1	-849527.372604958	2087280.80174039	"GLC"
-849520.963530488	2087308.26461287	35	1	-849527.372604958	2087280.80174039	"GLC"
-849380.822610152	2087326.18812347	36	1	-849527.372604958	2087280.80174039	"GLC"
-849487.039201207	2087243.94070081	37	1	-849527.372604958	2087280.80174039	"GLC"
-849695.318125286	2087295.02478415	38	1	-849527.372604958	2087280.80174039	"GLC"
-849459.183870511	2087257.85928599	39	1	-849527.372604958	2087280.80174039	"GLC"
-849514.688908948	2087304.61194629	40	1	-849527.372604958	2087280.80174039	"GLC"
-849440.592387089	2087350.52830662	41	1	-849527.372604958	2087280.80174039	"GLC"
-849471.847430581	2087391.98279033	42	1	-849527.372604958	2087280.80174039	"GLC"
-849597.818229021	2087285.54397131	43	1	-849527.372604958	2087280.80174039	"GLC"
-849548.966072314	2087286.70788425	44	1	-849527.372604958	2087280.80174039	"GLC"
-849531.005075523	2087303.20806596	45	1	-849527.372604958	2087280.80174039	"GLC"
-849540.576862855	2087114.9683696	1	2	-849517.220355935	2087142.29789784	"GLC"
-849474.396477196	2087260.92858425	2	2	-849517.220355935	2087142.29789784	"GLC"
-849589.166814104	2086999.2824078	3	2	-849517.220355935	2087142.29789784	"GLC"
-849308.164449293	2087164.74545233	4	2	-849517.220355935	2087142.29789784	"GLC"
-849520.242278491	2087137.34492108	5	2	-849517.220355935	2087142.29789784	"GLC"
-849398.567230789	2087042.69343156	6	2	-849517.220355935	2087142.29789784	"GLC"
-849512.01101395	2087301.17716214	7	2	-849517.220355935	2087142.29789784	"GLC"
-849694.283921292	2087161.11458425	8	2	-849517.220355935	2087142.29789784	"GLC"
-849521.99500474	2087112.54761498	9	2	-849517.220355935	2087142.29789784	"GLC"
-849307.797173114	2087299.06932138	10	2	-849517.220355935	2087142.29789784	"GLC"
-849500.047350617	2087026.13229345	11	2	-849517.220355935	2087142.29789784	"GLC"
-849493.269723606	2087301.02355383	12	2	-849517.220355935	2087142.29789784	"GLC"
-849527.293418686	2087133.33362361	13	2	-849517.220355935	2087142.29789784	"GLC"
-849517.721627158	2087126.66849534	14	2	-849517.220355935	2087142.29789784	"GLC"
-849505.243997355	2087113.66620313	15	2	-849517.220355935	2087142.29789784	"GLC"
-849527.193978279	2087080.56018734	16	2	-849517.220355935	2087142.29789784	"GLC"
-849499.618948719	2087120.91059603	17	2	-849517.220355935	2087142.29789784	"GLC"
-849479.653683861	2087025.1668374	18	2	-849517.220355935	2087142.29789784	"GLC"
-849501.884758106	2087256.65171861	19	2	-849517.220355935	2087142.29789784	"GLC"
-849724.624641411	2087122.19994629	20	2	-849517.220355935	2087142.29789784	"GLC"
-849492.373587786	2086981.00639146	21	2	-849517.220355935	2087142.29789784	"GLC"
-849524.864016193	2087132.16703024	22	2	-849517.220355935	2087142.29789784	"GLC"
-849497.760162568	2087140.31260631	23	2	-849517.220355935	2087142.29789784	"GLC"
-849638.408278864	2087209.43578457	24	2	-849517.220355935	2087142.29789784	"GLC"
-849454.635971414	2087011.36107568	25	2	-849517.220355935	2087142.29789784	"GLC"
-849540.182054119	2087077.81530269	26	2	-849517.220355935	2087142.29789784	"GLC"
-849393.107324275	2087109.9066993	27	2	-849517.220355935	2087142.29789784	"GLC"
-849444.916374811	2087125.42984104	28	2	-849517.220355935	2087142.29789784	"GLC"
-849517.988874643	2087112.91725374	29	2	-849517.220355935	2087142.29789784	"GLC"
-849537.631658959	2087111.12205949	30	2	-849517.220355935	2087142.29789784	"GLC"
-849500.363647737	2087075.93155042	31	2	-849517.220355935	2087142.29789784	"GLC"
-849497.705439979	2087108.71305575	32	2	-849517.220355935	2087142.29789784	"GLC"
-849328.235721129	2087166.59402027	33	2	-849517.220355935	2087142.29789784	"GLC"
-849515.106049151	2087133.8294916	34	2	-849517.220355935	2087142.29789784	"GLC"
-849318.910474262	2087213.17829609	35	2	-849517.220355935	2087142.29789784	"GLC"
-849518.334084108	2087108.74789668	36	2	-849517.220355935	2087142.29789784	"GLC"
-849678.710981126	2087145.04808708	37	2	-849517.220355935	2087142.29789784	"GLC"
-849515.546086258	2087126.29512532	38	2	-849517.220355935	2087142.29789784	"GLC"
-849524.827257549	2087032.9199928	39	2	-849517.220355935	2087142.29789784	"GLC"
-849539.508062716	2087109.87496444	40	2	-849517.220355935	2087142.29789784	"GLC"
-849847.95893977	2087256.49869706	1	3	-849841.071617381	2087256.35879268	"GLC"
-850022.146767109	2087333.3683132	2	3	-849841.071617381	2087256.35879268	"GLC"
-849814.39932653	2087361.47728389	3	3	-849841.071617381	2087256.35879268	"GLC"
-849894.359719919	2087236.34858081	4	3	-849841.071617381	2087256.35879268	"GLC"
-849841.144236058	2087268.61976715	5	3	-849841.071617381	2087256.35879268	"GLC"
-849668.73374862	2087203.33652783	6	3	-849841.071617381	2087256.35879268	"GLC"
-849900.705459437	2087233.15145787	7	3	-849841.071617381	2087256.35879268	"GLC"
-849864.164480088	2087390.08535271	8	3	-849841.071617381	2087256.35879268	"GLC"
-850016.055920918	2087287.632222	9	3	-849841.071617381	2087256.35879268	"GLC"
-849796.322275051	2087263.70414477	10	3	-849841.071617381	2087256.35879268	"GLC"
-849835.406165713	2087270.28298343	11	3	-849841.071617381	2087256.35879268	"GLC"
-849886.384537967	2087292.23255864	12	3	-849841.071617381	2087256.35879268	"GLC"
-850004.655185329	2087227.26493776	13	3	-849841.071617381	2087256.35879268	"GLC"
-849911.577131318	2087257.22840344	14	3	-849841.071617381	2087256.35879268	"GLC"
-849846.064160334	2087260.36619985	15	3	-849841.071617381	2087256.35879268	"GLC"
-849822.043849445	2087279.62508782	16	3	-849841.071617381	2087256.35879268	"GLC"
-850006.647974859	2087253.74400876	17	3	-849841.071617381	2087256.35879268	"GLC"
-849869.221396113	2087295.11806446	18	3	-849841.071617381	2087256.35879268	"GLC"
-849764.743347189	2087233.74797758	19	3	-849841.071617381	2087256.35879268	"GLC"
-849900.516654362	2087227.41573706	20	3	-849841.071617381	2087256.35879268	"GLC"
-849875.767150125	2087323.81062177	21	3	-849841.071617381	2087256.35879268	"GLC"
-849833.823320895	2087331.2484622	22	3	-849841.071617381	2087256.35879268	"GLC"
-849835.862517088	2087273.05966254	23	3	-849841.071617381	2087256.35879268	"GLC"
-849826.596204725	2087283.99325052	24	3	-849841.071617381	2087256.35879268	"GLC"
-849848.245716242	2087256.62039529	25	3	-849841.071617381	2087256.35879268	"GLC"
-849734.267919741	2087420.74302468	26	3	-849841.071617381	2087256.35879268	"GLC"
-849725.713288583	2087234.77651988	27	3	-849841.071617381	2087256.35879268	"GLC"
-849835.118445827	2087289.01450817	28	3	-849841.071617381	2087256.35879268	"GLC"
-850036.73536018	2087255.29244201	29	3	-849841.071617381	2087256.35879268	"GLC"
-849884.839699036	2087347.77401626	30	3	-849841.071617381	2087256.35879268	"GLC"
-849711.481659446	2087248.67036704	31	3	-849841.071617381	2087256.35879268	"GLC"
-849913.108109372	2087249.7055505	32	3	-849841.071617381	2087256.35879268	"GLC"
-849864.409265623	2087266.24392893	33	3	-849841.071617381	2087256.35879268	"GLC"
-849851.433667959	2087366.41870769	34	3	-849841.071617381	2087256.35879268	"GLC"
-849970.763246362	2087227.1357469	35	3	-849841.071617381	2087256.35879268	"GLC"
-849923.269331523	2087219.91647476	36	3	-849841.071617381	2087256.35879268	"GLC"
-849875.510851512	2087292.26881794	37	3	-849841.071617381	2087256.35879268	"GLC"
-849622.12645567	2087266.30157818	38	3	-849841.071617381	2087256.35879268	"GLC"
-849860.934818979	2087277.59044373	39	3	-849841.071617381	2087256.35879268	"GLC"
-849849.040163018	2087261.4620926	40	3	-849841.071617381	2087256.35879268	"GLC"
-849996.708981588	2087350.11837964	41	3	-849841.071617381	2087256.35879268	"GLC"
-849975.967192033	2087260.68343128	42	3	-849841.071617381	2087256.35879268	"GLC"
-849822.372249559	2087287.82778709	43	3	-849841.071617381	2087256.35879268	"GLC"
-849934.370776507	2086999.23817972	1	4	-849796.604826855	2087061.76951976	"GLC"
-849767.263594197	2087191.27518093	2	4	-849796.604826855	2087061.76951976	"GLC"
-849819.811260264	2087009.2468787	3	4	-849796.604826855	2087061.76951976	"GLC"
-849667.600521303	2087075.52809638	4	4	-849796.604826855	2087061.76951976	"GLC"
-849725.058213064	2087081.7315992	5	4	-849796.604826855	2087061.76951976	"GLC"
-849784.508549125	2087030.67032627	6	4	-849796.604826855	2087061.76951976	"GLC"
-849712.533150691	2086924.74115363	7	4	-849796.604826855	2087061.76951976	"GLC"
-849779.506403813	2086966.36776782	8	4	-849796.604826855	2087061.76951976	"GLC"
-849711.73047001	2087031.30430698	9	4	-849796.604826855	2087061.76951976	"GLC"
-849785.255078404	2087041.09094751	10	4	-849796.604826855	2087061.76951976	"GLC"
-849767.314596012	2087007.8007088	11	4	-849796.604826855	2087061.76951976	"GLC"
-849906.763921095	2087036.99277875	12	4	-849796.604826855	2087061.76951976	"GLC"
-849784.903402257	2087047.41665813	13	4	-849796.604826855	2087061.76951976	"GLC"
-849684.86836204	2087092.50858255	14	4	-849796.604826855	2087061.76951976	"GLC"
-849728.168999827	2087040.47852745	15	4	-849796.604826855	2087061.76951976	"GLC"
-849777.813305734	2087041.3508695	16	4	-849796.604826855	2087061.76951976	"GLC"
-849774.397057804	2087090.42776261	17	4	-849796.604826855	2087061.76951976	"GLC"
-849614.584901778	2087001.0217004	18	4	-849796.604826855	2087061.76951976	"GLC"
-849754.40682177	2086974.60719295	19	4	-849796.604826855	2087061.76951976	"GLC"
-849793.259801187	2086910.76164166	20	4	-849796.604826855	2087061.76951976	"GLC"
-849771.01508586	2087092.33668023	21	4	-849796.604826855	2087061.76951976	"GLC"
-849784.688292498	2087054.73786379	22	4	-849796.604826855	2087061.76951976	"GLC"
-849786.725223255	2087065.05025925	23	4	-849796.604826855	2087061.76951976	"GLC"
-849774.74625232	2087204.61185479	24	4	-849796.604826855	2087061.76951976	"GLC"
-849925.760554253	2087059.52120556	25	4	-849796.604826855	2087061.76951976	"GLC"
-849783.313751875	2087077.78191784	26	4	-849796.604826855	2087061.76951976	"GLC"
-849978.964612672	2086979.62925692	27	4	-849796.604826855	2087061.76951976	"GLC"
-849728.785729586	2087085.84489354	28	4	-849796.604826855	2087061.76951976	"GLC"
-849783.036913495	2086931.60398311	29	4	-849796.604826855	2087061.76951976	"GLC"
-849743.883160283	2087105.41539053	30	4	-849796.604826855	2087061.76951976	"GLC"
-849682.946746112	2087055.89583623	31	4	-849796.604826855	2087061.76951976	"GLC"
-849780.054232992	2087061.36810564	32	4	-849796.604826855	2087061.76951976	"GLC"
-849965.919627744	2087117.36459485	33	4	-849796.604826855	2087061.76951976	"GLC"
-849759.280046052	2087216.41254034	34	4	-849796.604826855	2087061.76951976	"GLC"
-849925.340723301	2087037.13743587	35	4	-849796.604826855	2087061.76951976	"GLC"
-849776.231485665	2087076.37673195	36	4	-849796.604826855	2087061.76951976	"GLC"
-849779.76058329	2087043.11645614	37	4	-849796.604826855	2087061.76951976	"GLC"
-849795.000956722	2086932.61064084	38	4	-849796.604826855	2087061.76951976	"GLC"
-857485.529348532	2102118.62550094	1	1	-857501.748781536	2102066.14418733	"LNG"
-857528.400398355	2102120.36990316	2	1	-857501.748781536	2102066.14418733	"LNG"
-857512.237548486	2101861.10776786	3	1	-857501.748781536	2102066.14418733	"LNG"
-857576.742871867	2102041.43848506	4	1	-857501.748781536	2102066.14418733	"LNG"
-857522.458963876	2102097.84875029	5	1	-857501.748781536	2102066.14418733	"LNG"
-857665.237877572	2102183.53549894	6	1	-857501.748781536	2102066.14418733	"LNG"
-857554.490550944	2101871.93656028	7	1	-857501.748781536	2102066.14418733	"LNG"
-857507.467372196	2102190.35377173	8	1	-857501.748781536	2102066.14418733	"LNG"
-857551.233558199	2102118.65312473	9	1	-857501.748781536	2102066.14418733	"LNG"
-857652.407166469	2102074.91159465	10	1	-857501.748781536	2102066.14418733	"LNG"
-857544.025631438	2102012.28913094	11	1	-857501.748781536	2102066.14418733	"LNG"
-857512.833545791	2102228.56838089	12	1	-857501.748781536	2102066.14418733	"LNG"
-857559.409109925	2102067.783672	13	1	-857501.748781536	2102066.14418733	"LNG"
-857504.895636966	2102109.68444422	14	1	-857501.748781536	2102066.14418733	"LNG"
-857503.619594296	2102118.31241141	15	1	-857501.748781536	2102066.14418733	"LNG"
-857515.090491924	2101867.44364419	16	1	-857501.748781536	2102066.14418733	"LNG"
-857616.730315709	2102014.6135151	17	1	-857501.748781536	2102066.14418733	"LNG"
-857495.472739465	2102078.23537405	18	1	-857501.748781536	2102066.14418733	"LNG"
-857634.337498952	2102026.15455774	19	1	-857501.748781536	2102066.14418733	"LNG"
-857521.071597163	2101801.23463031	20	1	-857501.748781536	2102066.14418733	"LNG"
-857490.708152041	2102114.51578819	21	1	-857501.748781536	2102066.14418733	"LNG"
-857559.353789397	2102108.88155393	22	1	-857501.748781536	2102066.14418733	"LNG"
-857541.691046027	2102050.82184626	23	1	-857501.748781536	2102066.14418733	"LNG"
-857511.04926399	2102101.99712528	24	1	-857501.748781536	2102066.14418733	"LNG"
-857618.921135318	2102101.68611808	25	1	-857501.748781536	2102066.14418733	"LNG"
-857560.110504516	2102032.64483428	26	1	-857501.748781536	2102066.14418733	"LNG"
-857513.236468797	2102253.5311608	27	1	-857501.748781536	2102066.14418733	"LNG"
-857464.632668075	2102105.7674859	28	1	-857501.748781536	2102066.14418733	"LNG"
-857509.386153118	2102115.7382429	29	1	-857501.748781536	2102066.14418733	"LNG"
-857510.194527702	2102073.63166356	30	1	-857501.748781536	2102066.14418733	"LNG"
-857514.014476393	2102301.44278134	31	1	-857501.748781536	2102066.14418733	"LNG"
-857515.463454315	2102081.05653468	32	1	-857501.748781536	2102066.14418733	"LNG"
-857589.684655113	2101838.97410902	33	1	-857501.748781536	2102066.14418733	"LNG"
-857482.19455962	2102298.99607242	34	1	-857501.748781536	2102066.14418733	"LNG"
-857494.640158699	2102340.37799202	35	1	-857501.748781536	2102066.14418733	"LNG"
-857535.720249061	2102028.50678108	36	1	-857501.748781536	2102066.14418733	"LNG"
-857573.75742171	2102096.88886106	37	1	-857501.748781536	2102066.14418733	"LNG"
-857521.370807843	2101849.17326177	38	1	-857501.748781536	2102066.14418733	"LNG"
-857595.579148251	2102054.73784049	39	1	-857501.748781536	2102066.14418733	"LNG"
-857467.460723325	2102121.1596185	40	1	-857501.748781536	2102066.14418733	"LNG"
-857484.12849836	2102080.88007649	41	1	-857501.748781536	2102066.14418733	"LNG"
-857496.57251194	2102113.31917951	42	1	-857501.748781536	2102066.14418733	"LNG"
-857365.985154693	2102238.80605765	43	1	-857501.748781536	2102066.14418733	"LNG"
-857505.303913466	2102321.14724837	44	1	-857501.748781536	2102066.14418733	"LNG"
-857507.509665897	2102202.36203823	45	1	-857501.748781536	2102066.14418733	"LNG"
-857624.248861613	2102019.52191674	46	1	-857501.748781536	2102066.14418733	"LNG"
-857238.941815387	2101734.73273127	1	2	-857248.639705935	2101777.15884473	"LNG"
-857191.420603603	2101503.3198187	2	2	-857248.639705935	2101777.15884473	"LNG"
-857124.292423246	2101794.85221825	3	2	-857248.639705935	2101777.15884473	"LNG"
-857231.811251856	2101823.48956726	4	2	-857248.639705935	2101777.15884473	"LNG"
-857230.120323735	2101556.80330476	5	2	-857248.639705935	2101777.15884473	"LNG"
-857231.468278945	2101772.79496072	6	2	-857248.639705935	2101777.15884473	"LNG"
-857418.819884287	2101741.19512569	7	2	-857248.639705935	2101777.15884473	"LNG"
-857242.690159167	2101738.58096892	8	2	-857248.639705935	2101777.15884473	"LNG"
-857243.912710746	2101798.9105182	9	2	-857248.639705935	2101777.15884473	"LNG"
-857108.447631952	2101572.92265915	10	2	-857248.639705935	2101777.15884473	"LNG"
-857250.092242684	2101866.68359409	11	2	-857248.639705935	2101777.15884473	"LNG"
-857233.475549136	2101818.21744951	12	2	-857248.639705935	2101777.15884473	"LNG"
-857242.29595603	2101804.95434201	13	2	-857248.639705935	2101777.15884473	"LNG"
-857223.969242491	2101803.72118392	14	2	-857248.639705935	2101777.15884473	"LNG"
-857212.511404404	2101803.37639254	15	2	-857248.639705935	2101777.15884473	"LNG"
-857232.8066832	2101740.5103516	16	2	-857248.639705935	2101777.15884473	"LNG"
-857227.492761652	2101777.20023553	17	2	-857248.639705935	2101777.15884473	"LNG"
-857258.721996429	2101536.63877	18	2	-857248.639705935	2101777.15884473	"LNG"
-857079.198957403	2101822.69788989	19	2	-857248.639705935	2101777.15884473	"LNG"
-857246.957051257	2101792.61323857	20	2	-857248.639705935	2101777.15884473	"LNG"
-857241.947491035	2101755.05106816	21	2	-857248.639705935	2101777.15884473	"LNG"
-857240.591030313	2101799.92523441	22	2	-857248.639705935	2101777.15884473	"LNG"
-857238.646667237	2101619.19823016	23	2	-857248.639705935	2101777.15884473	"LNG"
-857225.001039799	2101749.35762739	24	2	-857248.639705935	2101777.15884473	"LNG"
-857230.956704719	2101823.67118083	25	2	-857248.639705935	2101777.15884473	"LNG"
-857222.210028708	2101748.62514137	26	2	-857248.639705935	2101777.15884473	"LNG"
-857227.215979975	2101826.69538988	27	2	-857248.639705935	2101777.15884473	"LNG"
-857400.697504054	2101657.90425189	28	2	-857248.639705935	2101777.15884473	"LNG"
-857243.433339511	2101586.58996248	29	2	-857248.639705935	2101777.15884473	"LNG"
-857124.3855471	2101723.53615449	30	2	-857248.639705935	2101777.15884473	"LNG"
-857208.637458447	2101750.45817519	31	2	-857248.639705935	2101777.15884473	"LNG"
-857226.747612792	2101736.29573356	32	2	-857248.639705935	2101777.15884473	"LNG"
-857246.473469733	2101762.18980356	33	2	-857248.639705935	2101777.15884473	"LNG"
-857112.548823791	2101814.77380011	34	2	-857248.639705935	2101777.15884473	"LNG"
-857206.503027031	2101747.31900724	35	2	-857248.639705935	2101777.15884473	"LNG"
-857258.368195977	2101611.16857681	36	2	-857248.639705935	2101777.15884473	"LNG"
-857120.253342075	2101807.51268222	37	2	-857248.639705935	2101777.15884473	"LNG"
-857228.606911231	2101821.82556209	38	2	-857248.639705935	2101777.15884473	"LNG"
-857245.807253037	2101738.04410508	39	2	-857248.639705935	2101777.15884473	"LNG"
-857236.5140965	2101805.02598631	40	2	-857248.639705935	2101777.15884473	"LNG"
-857241.256598471	2101882.06854632	41	2	-857248.639705935	2101777.15884473	"LNG"
-857422.580419093	2101781.75037856	42	2	-857248.639705935	2101777.15884473	"LNG"
-857232.174804335	2101749.49571447	43	2	-857248.639705935	2101777.15884473	"LNG"
-857066.036293665	2101497.34167869	44	2	-857248.639705935	2101777.15884473	"LNG"
-857201.725750217	2101622.15297186	45	2	-857248.639705935	2101777.15884473	"LNG"
-857163.241889049	2101722.37305982	46	2	-857248.639705935	2101777.15884473	"LNG"
-857210.866424018	2102254.53370262	1	3	-857212.844573905	2102208.62768559	"LNG"
-857226.381317675	2102410.92578137	2	3	-857212.844573905	2102208.62768559	"LNG"
-857169.5842708	2102191.18763346	3	3	-857212.844573905	2102208.62768559	"LNG"
-857207.001952042	2102252.90712238	4	3	-857212.844573905	2102208.62768559	"LNG"
-857183.999075298	2102191.84827144	5	3	-857212.844573905	2102208.62768559	"LNG"
-857193.530583797	2102211.98361143	6	3	-857212.844573905	2102208.62768559	"LNG"
-857205.237329752	2102221.58940825	7	3	-857212.844573905	2102208.62768559	"LNG"
-857195.109249404	2102259.07493425	8	3	-857212.844573905	2102208.62768559	"LNG"
-857127.150793405	2102419.05530099	9	3	-857212.844573905	2102208.62768559	"LNG"
-857188.205601486	2102276.08969238	10	3	-857212.844573905	2102208.62768559	"LNG"
-857206.851879221	2102224.54122731	11	3	-857212.844573905	2102208.62768559	"LNG"
-857207.024720407	2102210.33039195	12	3	-857212.844573905	2102208.62768559	"LNG"
-857212.525804741	2102175.45205112	13	3	-857212.844573905	2102208.62768559	"LNG"
-857114.555687372	2102074.67917237	14	3	-857212.844573905	2102208.62768559	"LNG"
-857213.941809788	2102473.27655382	15	3	-857212.844573905	2102208.62768559	"LNG"
-857177.811305179	2102185.39159636	16	3	-857212.844573905	2102208.62768559	"LNG"
-857189.1846714	2102189.59303258	17	3	-857212.844573905	2102208.62768559	"LNG"
-857179.695134861	2102445.5634776	18	3	-857212.844573905	2102208.62768559	"LNG"
-857222.010033857	2102472.40327497	19	3	-857212.844573905	2102208.62768559	"LNG"
-857170.583580052	2102243.82474118	20	3	-857212.844573905	2102208.62768559	"LNG"
-857200.837064691	2102239.62887443	21	3	-857212.844573905	2102208.62768559	"LNG"
-857212.85411103	2102256.04954601	22	3	-857212.844573905	2102208.62768559	"LNG"
-857093.01168909	2101984.69440911	23	3	-857212.844573905	2102208.62768559	"LNG"
-857205.771607142	2102240.57888029	24	3	-857212.844573905	2102208.62768559	"LNG"
-857229.385823216	2102426.20165913	25	3	-857212.844573905	2102208.62768559	"LNG"
-857168.888205894	2102203.42526769	26	3	-857212.844573905	2102208.62768559	"LNG"
-857226.434635312	2102249.59235701	27	3	-857212.844573905	2102208.62768559	"LNG"
-857215.732117656	2102163.52992678	28	3	-857212.844573905	2102208.62768559	"LNG"
-857226.113610812	2102092.68093574	29	3	-857212.844573905	2102208.62768559	"LNG"
-857168.117566001	2102259.63425657	30	3	-857212.844573905	2102208.62768559	"LNG"
-857203.423541743	2102260.25452533	31	3	-857212.844573905	2102208.62768559	"LNG"
-857109.888532534	2102487.68719559	32	3	-857212.844573905	2102208.62768559	"LNG"
-857209.760035726	2102316.06405703	33	3	-857212.844573905	2102208.62768559	"LNG"
-857224.818154492	2102375.65918369	34	3	-857212.844573905	2102208.62768559	"LNG"
-857210.368523987	2102157.08131227	35	3	-857212.844573905	2102208.62768559	"LNG"
-857211.692061905	2102181.39584613	36	3	-857212.844573905	2102208.62768559	"LNG"
-857214.416264768	2102241.19042633	37	3	-857212.844573905	2102208.62768559	"LNG"
-857390.395191104	2102273.47103843	38	3	-857212.844573905	2102208.62768559	"LNG"
-857184.165544226	2102089.22464756	39	3	-857212.844573905	2102208.62768559	"LNG"
-857198.919449085	2102118.11766975	40	3	-857212.844573905	2102208.62768559	"LNG"
-857162.098782328	2102181.31614675	41	3	-857212.844573905	2102208.62768559	"LNG"
-857215.261379241	2102180.96838246	42	3	-857212.844573905	2102208.62768559	"LNG"
-857194.507798502	2102157.80354864	43	3	-857212.844573905	2102208.62768559	"LNG"
-857209.915213877	2102180.15570507	44	3	-857212.844573905	2102208.62768559	"LNG"
-857204.055779062	2102202.01141588	45	3	-857212.844573905	2102208.62768559	"LNG"
-857182.9360449	2102246.84355228	46	3	-857212.844573905	2102208.62768559	"LNG"
-857203.575806341	2102237.19989932	47	3	-857212.844573905	2102208.62768559	"LNG"
-857214.113916239	2101525.60655372	1	4	-857321.099408514	2101731.19473254	"LNG"
-857324.827007517	2101471.54578954	2	4	-857321.099408514	2101731.19473254	"LNG"
-857386.460951334	2101704.58833759	3	4	-857321.099408514	2101731.19473254	"LNG"
-857322.684791571	2101717.33921202	4	4	-857321.099408514	2101731.19473254	"LNG"
-857320.60622191	2101474.68819168	5	4	-857321.099408514	2101731.19473254	"LNG"
-857507.988930695	2101747.20009665	6	4	-857321.099408514	2101731.19473254	"LNG"
-857324.353245862	2101692.26397422	7	4	-857321.099408514	2101731.19473254	"LNG"
-857163.231882302	2101645.68387065	8	4	-857321.099408514	2101731.19473254	"LNG"
-857324.045298863	2101865.49979683	9	4	-857321.099408514	2101731.19473254	"LNG"
-857369.224672124	2101770.99552175	10	4	-857321.099408514	2101731.19473254	"LNG"
-857321.243195842	2101721.20635045	11	4	-857321.099408514	2101731.19473254	"LNG"
-857339.373704381	2101826.78956829	12	4	-857321.099408514	2101731.19473254	"LNG"
-857214.536099891	2101775.33906041	13	4	-857321.099408514	2101731.19473254	"LNG"
-857328.673123509	2101787.45324437	14	4	-857321.099408514	2101731.19473254	"LNG"
-857130.051721343	2101723.23617097	15	4	-857321.099408514	2101731.19473254	"LNG"
-857328.281949649	2101781.36543154	16	4	-857321.099408514	2101731.19473254	"LNG"
-857339.766007108	2101583.89200681	17	4	-857321.099408514	2101731.19473254	"LNG"
-857372.500929778	2101720.04638672	18	4	-857321.099408514	2101731.19473254	"LNG"
-857321.556657149	2101701.39430615	19	4	-857321.099408514	2101731.19473254	"LNG"
-857416.616793445	2101506.49757674	20	4	-857321.099408514	2101731.19473254	"LNG"
-857498.407170738	2101722.88045477	21	4	-857321.099408514	2101731.19473254	"LNG"
-857367.569485427	2101782.31630455	22	4	-857321.099408514	2101731.19473254	"LNG"
-857325.396870459	2101701.34150398	23	4	-857321.099408514	2101731.19473254	"LNG"
-857486.62497981	2101685.97236518	24	4	-857321.099408514	2101731.19473254	"LNG"
-857338.817672561	2101624.57555211	25	4	-857321.099408514	2101731.19473254	"LNG"
-857223.23235314	2101732.40183375	26	4	-857321.099408514	2101731.19473254	"LNG"
-857364.4522521	2101786.69522591	27	4	-857321.099408514	2101731.19473254	"LNG"
-857318.913234754	2101700.20362128	28	4	-857321.099408514	2101731.19473254	"LNG"
-857478.045963134	2101464.18231922	29	4	-857321.099408514	2101731.19473254	"LNG"
-857352.370201916	2101777.68004175	30	4	-857321.099408514	2101731.19473254	"LNG"
-857306.23970639	2101493.39171048	31	4	-857321.099408514	2101731.19473254	"LNG"
-857384.054295853	2101681.7390255	32	4	-857321.099408514	2101731.19473254	"LNG"
-848502.343104334	2081333.46745941	1	1	-848508.805788654	2081341.40823637	"SLV"
-848367.681337663	2081412.90686182	2	1	-848508.805788654	2081341.40823637	"SLV"
-848521.27734961	2081234.28293164	3	1	-848508.805788654	2081341.40823637	"SLV"
-848388.69397253	2081357.95155435	4	1	-848508.805788654	2081341.40823637	"SLV"
-848504.899011912	2081320.62284796	5	1	-848508.805788654	2081341.40823637	"SLV"
-848487.918068209	2081319.56566542	6	1	-848508.805788654	2081341.40823637	"SLV"
-848495.04498485	2081327.08509618	7	1	-848508.805788654	2081341.40823637	"SLV"
-848505.020498204	2081314.13513886	8	1	-848508.805788654	2081341.40823637	"SLV"
-848360.470230557	2081360.02036554	9	1	-848508.805788654	2081341.40823637	"SLV"
-848508.803486185	2081311.63164756	10	1	-848508.805788654	2081341.40823637	"SLV"
-848361.87107058	2081385.300289	11	1	-848508.805788654	2081341.40823637	"SLV"
-848517.327627546	2081469.37970018	12	1	-848508.805788654	2081341.40823637	"SLV"
-848313.786479086	2081373.09210449	13	1	-848508.805788654	2081341.40823637	"SLV"
-848489.75943491	2081366.23674834	14	1	-848508.805788654	2081341.40823637	"SLV"
-848519.809754324	2081239.86620853	15	1	-848508.805788654	2081341.40823637	"SLV"
-848507.995076971	2081314.80416926	16	1	-848508.805788654	2081341.40823637	"SLV"
-848488.584378967	2081312.11845722	17	1	-848508.805788654	2081341.40823637	"SLV"
-848557.29477393	2081480.98706401	18	1	-848508.805788654	2081341.40823637	"SLV"
-848517.934214414	2081276.76683415	19	1	-848508.805788654	2081341.40823637	"SLV"
-848503.039566785	2081341.04745863	20	1	-848508.805788654	2081341.40823637	"SLV"
-848494.041165373	2081327.47041219	21	1	-848508.805788654	2081341.40823637	"SLV"
-848417.064385656	2081515.56193963	22	1	-848508.805788654	2081341.40823637	"SLV"
-848488.735015199	2081230.88424438	23	1	-848508.805788654	2081341.40823637	"SLV"
-848489.068489573	2081357.92763747	24	1	-848508.805788654	2081341.40823637	"SLV"
-848497.43845607	2081356.39909065	25	1	-848508.805788654	2081341.40823637	"SLV"
-848496.651558105	2081310.8107133	26	1	-848508.805788654	2081341.40823637	"SLV"
-848448.228892162	2081208.04193561	27	1	-848508.805788654	2081341.40823637	"SLV"
-848508.965812659	2081323.73139224	28	1	-848508.805788654	2081341.40823637	"SLV"
-848391.792167208	2081343.46803012	29	1	-848508.805788654	2081341.40823637	"SLV"
-848465.853683965	2081342.47630076	30	1	-848508.805788654	2081341.40823637	"SLV"
-848502.556190026	2081297.5270882	31	1	-848508.805788654	2081341.40823637	"SLV"
-848472.793287311	2081341.96773609	32	1	-848508.805788654	2081341.40823637	"SLV"
-848463.131399935	2081366.28257657	33	1	-848508.805788654	2081341.40823637	"SLV"
-848609.912803763	2081451.2411605	34	1	-848508.805788654	2081341.40823637	"SLV"
-848514.556060856	2081505.47599556	35	1	-848508.805788654	2081341.40823637	"SLV"
-848422.205915135	2081323.00552175	36	1	-848508.805788654	2081341.40823637	"SLV"
-848499.536596029	2081327.71436718	37	1	-848508.805788654	2081341.40823637	"SLV"
-848864.740499993	2081317.98538234	1	2	-848854.144762261	2081298.41607566	"SLV"
-848887.854992864	2081224.73825462	2	2	-848854.144762261	2081298.41607566	"SLV"
-848906.802853678	2081232.12217978	3	2	-848854.144762261	2081298.41607566	"SLV"
-848860.171351709	2081412.8561662	4	2	-848854.144762261	2081298.41607566	"SLV"
-848999.512490285	2081322.01070907	5	2	-848854.144762261	2081298.41607566	"SLV"
-848833.325821862	2081329.32957243	6	2	-848854.144762261	2081298.41607566	"SLV"
-848777.259096609	2081196.74805032	7	2	-848854.144762261	2081298.41607566	"SLV"
-848902.330683934	2081327.95059237	8	2	-848854.144762261	2081298.41607566	"SLV"
-848858.856762802	2081247.23220121	9	2	-848854.144762261	2081298.41607566	"SLV"
-848864.980664913	2081275.99571161	10	2	-848854.144762261	2081298.41607566	"SLV"
-848856.045262383	2081303.78647452	11	2	-848854.144762261	2081298.41607566	"SLV"
-848857.57151488	2081322.70902143	12	2	-848854.144762261	2081298.41607566	"SLV"
-848902.247341315	2081123.59701117	13	2	-848854.144762261	2081298.41607566	"SLV"
-848815.809544561	2081355.43186349	14	2	-848854.144762261	2081298.41607566	"SLV"
-848867.829945205	2081211.40736153	15	2	-848854.144762261	2081298.41607566	"SLV"
-848878.008439405	2081281.65980972	16	2	-848854.144762261	2081298.41607566	"SLV"
-848907.502829888	2081266.37234819	17	2	-848854.144762261	2081298.41607566	"SLV"
-848866.68893613	2081316.89978213	18	2	-848854.144762261	2081298.41607566	"SLV"
-848871.858660885	2081329.10071485	19	2	-848854.144762261	2081298.41607566	"SLV"
-848889.437107362	2081226.67649122	20	2	-848854.144762261	2081298.41607566	"SLV"
-848856.871498838	2081251.34741553	21	2	-848854.144762261	2081298.41607566	"SLV"
-848838.742289907	2081323.55248096	22	2	-848854.144762261	2081298.41607566	"SLV"
-848999.587008335	2081283.97162635	23	2	-848854.144762261	2081298.41607566	"SLV"
-848857.58522063	2081324.51783463	24	2	-848854.144762261	2081298.41607566	"SLV"
-848853.676572355	2081300.69641679	25	2	-848854.144762261	2081298.41607566	"SLV"
-848897.16156459	2081402.95593493	26	2	-848854.144762261	2081298.41607566	"SLV"
-848899.395132554	2081235.68766221	27	2	-848854.144762261	2081298.41607566	"SLV"
-848860.921219619	2081365.68623199	28	2	-848854.144762261	2081298.41607566	"SLV"
-848873.144008668	2081269.59791221	29	2	-848854.144762261	2081298.41607566	"SLV"
-848847.082468476	2081308.09142113	30	2	-848854.144762261	2081298.41607566	"SLV"
-848905.613913133	2081254.00134783	31	2	-848854.144762261	2081298.41607566	"SLV"
-848789.99737071	2081218.43214987	32	2	-848854.144762261	2081298.41607566	"SLV"
-848837.646002277	2081447.3886825	33	2	-848854.144762261	2081298.41607566	"SLV"
-849045.480199001	2081267.95399644	34	2	-848854.144762261	2081298.41607566	"SLV"
-848896.569432317	2081294.43177287	35	2	-848854.144762261	2081298.41607566	"SLV"
-848862.407072295	2081269.31061491	36	2	-848854.144762261	2081298.41607566	"SLV"
-848969.934577995	2081187.60295095	37	2	-848854.144762261	2081298.41607566	"SLV"
-848861.249621279	2081133.63099887	38	2	-848854.144762261	2081298.41607566	"SLV"
-848982.748642046	2081326.57182819	39	2	-848854.144762261	2081298.41607566	"SLV"
-848900.617172859	2081308.74459865	40	2	-848854.144762261	2081298.41607566	"SLV"
-848868.933749449	2081313.28504482	41	2	-848854.144762261	2081298.41607566	"SLV"
-848882.070345056	2081449.60969238	42	2	-848854.144762261	2081298.41607566	"SLV"
-848844.990479579	2081221.08657165	43	2	-848854.144762261	2081298.41607566	"SLV"
-848996.605932098	2081282.11096576	44	2	-848854.144762261	2081298.41607566	"SLV"
-848883.833053853	2081315.84723855	45	2	-848854.144762261	2081298.41607566	"SLV"
-848821.935839109	2081232.38272906	46	2	-848854.144762261	2081298.41607566	"SLV"
-848861.046938295	2081410.34684621	47	2	-848854.144762261	2081298.41607566	"SLV"
-848672.529183328	2081120.44220692	1	3	-848655.81494024	2081161.75560076	"SLV"
-848790.057906221	2081134.28353633	2	3	-848655.81494024	2081161.75560076	"SLV"
-848650.802755084	2081129.95081791	3	3	-848655.81494024	2081161.75560076	"SLV"
-848659.104564674	2081158.51786218	4	3	-848655.81494024	2081161.75560076	"SLV"
-848830.109626131	2081196.0636107	5	3	-848655.81494024	2081161.75560076	"SLV"
-848530.080256577	2081157.01661426	6	3	-848655.81494024	2081161.75560076	"SLV"
-848639.276478452	2081162.83155747	7	3	-848655.81494024	2081161.75560076	"SLV"
-848656.387379388	2081151.64557674	8	3	-848655.81494024	2081161.75560076	"SLV"
-848485.906315701	2081115.3777121	9	3	-848655.81494024	2081161.75560076	"SLV"
-848650.538975625	2080993.22039183	10	3	-848655.81494024	2081161.75560076	"SLV"
-848476.95586603	2081154.12871227	11	3	-848655.81494024	2081161.75560076	"SLV"
-848636.360843501	2081161.18828721	12	3	-848655.81494024	2081161.75560076	"SLV"
-848549.080794314	2081184.78815771	13	3	-848655.81494024	2081161.75560076	"SLV"
-848616.363426624	2081149.98663174	14	3	-848655.81494024	2081161.75560076	"SLV"
-848657.874169373	2081139.4022685	15	3	-848655.81494024	2081161.75560076	"SLV"
-848666.873923807	2081148.59600784	16	3	-848655.81494024	2081161.75560076	"SLV"
-848677.35511321	2081149.56688652	17	3	-848655.81494024	2081161.75560076	"SLV"
-848609.824732904	2081112.656867	18	3	-848655.81494024	2081161.75560076	"SLV"
-848794.886697513	2081142.87311308	19	3	-848655.81494024	2081161.75560076	"SLV"
-848666.855103381	2081157.84123221	20	3	-848655.81494024	2081161.75560076	"SLV"
-848575.138022644	2081141.13305296	21	3	-848655.81494024	2081161.75560076	"SLV"
-848710.088326365	2081154.74539839	22	3	-848655.81494024	2081161.75560076	"SLV"
-848643.908482933	2081158.59544896	23	3	-848655.81494024	2081161.75560076	"SLV"
-848511.362736795	2081199.78512188	24	3	-848655.81494024	2081161.75560076	"SLV"
-848639.397763563	2081098.1375002	25	3	-848655.81494024	2081161.75560076	"SLV"
-848795.989859243	2081134.97175841	26	3	-848655.81494024	2081161.75560076	"SLV"
-848713.193058159	2081130.30564185	27	3	-848655.81494024	2081161.75560076	"SLV"
-848653.607804371	2081161.56016575	28	3	-848655.81494024	2081161.75560076	"SLV"
-848512.565631694	2081092.61443438	29	3	-848655.81494024	2081161.75560076	"SLV"
-848601.140176154	2081156.54255628	30	3	-848655.81494024	2081161.75560076	"SLV"
-848666.022006926	2081137.86395377	31	3	-848655.81494024	2081161.75560076	"SLV"
-848511.485736897	2081249.90175393	32	3	-848655.81494024	2081161.75560076	"SLV"
-848719.831469938	2081141.31795935	33	3	-848655.81494024	2081161.75560076	"SLV"
-848574.361595532	2081148.23027186	34	3	-848655.81494024	2081161.75560076	"SLV"
-848699.520590041	2081135.1975065	35	3	-848655.81494024	2081161.75560076	"SLV"
-848672.447292509	2081141.71084039	36	3	-848655.81494024	2081161.75560076	"SLV"
-848505.519556097	2081103.65746221	37	3	-848655.81494024	2081161.75560076	"SLV"
-848677.58492797	2081148.31463161	38	3	-848655.81494024	2081161.75560076	"SLV"
-848645.093110082	2081160.16919562	39	3	-848655.81494024	2081161.75560076	"SLV"
-848604.627173456	2081138.82516264	40	3	-848655.81494024	2081161.75560076	"SLV"
-848675.929449321	2081148.88561481	41	3	-848655.81494024	2081161.75560076	"SLV"
-848460.132217988	2081405.16927624	1	4	-848636.693834084	2081424.26257105	"SLV"
-848689.180865681	2081419.57483974	2	4	-848636.693834084	2081424.26257105	"SLV"
-848646.604234963	2081440.77867173	3	4	-848636.693834084	2081424.26257105	"SLV"
-848627.632778685	2081469.12917128	4	4	-848636.693834084	2081424.26257105	"SLV"
-848640.355228601	2081449.51238486	5	4	-848636.693834084	2081424.26257105	"SLV"
-848639.335380577	2081446.21919887	6	4	-848636.693834084	2081424.26257105	"SLV"
-848739.114910894	2081424.88349217	7	4	-848636.693834084	2081424.26257105	"SLV"
-848684.285443523	2081446.62705629	8	4	-848636.693834084	2081424.26257105	"SLV"
-848645.822909577	2081472.7298719	9	4	-848636.693834084	2081424.26257105	"SLV"
-848622.016212896	2081442.03770216	10	4	-848636.693834084	2081424.26257105	"SLV"
-848500.996065083	2081483.42416157	11	4	-848636.693834084	2081424.26257105	"SLV"
-848678.072937242	2081440.33758022	12	4	-848636.693834084	2081424.26257105	"SLV"
-848657.237987503	2081445.62987705	13	4	-848636.693834084	2081424.26257105	"SLV"
-848621.383318872	2081440.70048766	14	4	-848636.693834084	2081424.26257105	"SLV"
-848671.63462186	2081561.11654799	15	4	-848636.693834084	2081424.26257105	"SLV"
-848614.378291594	2081494.91015082	16	4	-848636.693834084	2081424.26257105	"SLV"
-848635.419132509	2081485.50599426	17	4	-848636.693834084	2081424.26257105	"SLV"
-848643.33138345	2081440.66985831	18	4	-848636.693834084	2081424.26257105	"SLV"
-848634.93938867	2081449.68523931	19	4	-848636.693834084	2081424.26257105	"SLV"
-848700.631969892	2081551.378699	20	4	-848636.693834084	2081424.26257105	"SLV"
-848616.262762815	2081446.07352305	21	4	-848636.693834084	2081424.26257105	"SLV"
-848667.507690075	2081446.34239405	22	4	-848636.693834084	2081424.26257105	"SLV"
-848649.272914523	2081443.82121578	23	4	-848636.693834084	2081424.26257105	"SLV"
-848655.302408261	2081441.54932259	24	4	-848636.693834084	2081424.26257105	"SLV"
-848776.68216627	2081445.90652583	25	4	-848636.693834084	2081424.26257105	"SLV"
-848665.212065699	2081413.20111423	26	4	-848636.693834084	2081424.26257105	"SLV"
-848627.126157622	2081444.82463784	27	4	-848636.693834084	2081424.26257105	"SLV"
-848474.684074403	2081436.99634917	28	4	-848636.693834084	2081424.26257105	"SLV"
-848684.606237947	2081474.21317564	29	4	-848636.693834084	2081424.26257105	"SLV"
-848634.480206055	2081542.43735321	30	4	-848636.693834084	2081424.26257105	"SLV"
-848462.283425338	2081454.68233535	31	4	-848636.693834084	2081424.26257105	"SLV"
-848674.936102615	2081406.05742032	32	4	-848636.693834084	2081424.26257105	"SLV"
-848646.299664057	2081424.48656629	33	4	-848636.693834084	2081424.26257105	"SLV"
-848645.166739307	2081451.80402613	34	4	-848636.693834084	2081424.26257105	"SLV"
-848613.021903727	2081445.80094932	35	4	-848636.693834084	2081424.26257105	"SLV"
-848651.819992296	2081508.82718078	36	4	-848636.693834084	2081424.26257105	"SLV"
-848639.874368264	2081578.54156053	37	4	-848636.693834084	2081424.26257105	"SLV"
-848783.211544271	2081396.88103324	38	4	-848636.693834084	2081424.26257105	"SLV"
-848648.890173385	2081442.5389989	39	4	-848636.693834084	2081424.26257105	"SLV"
-848638.181225909	2081457.200182	40	4	-848636.693834084	2081424.26257105	"SLV"
-848644.728366259	2081438.99082707	41	4	-848636.693834084	2081424.26257105	"SLV"
